566
971
591
195
572
666
333
146
981
104
598
492
907
55
865
935
157
91
22
351
866
721
971
892
485
123
782
241
449
422
213
395
243
408
601
396
255
513
833
299
507
509
619
810
464
755
373
116
430
533
946
1
975
716
448
735
108
671
389
230
939
208
810
40
274
387
16
292
21
916
287
70
428
740
646
140
184
487
884
663
164
805
829
620
536
124
256
854
296
190
301
882
307
716
84
479
263
383
696
840
962
614
811
623
52
385
627
151
232
1
2
638
161
882
539
117
657
694
264
662
645
79
857
897
548
264
503
963
294
832
894
883
90
853
400
210
439
641
903
719
916
747
171
404
19
773
873
920
55
245
740
490
799
403
285
678
619
966
14
360
579
443
173
378
951
667
36
123
545
447
205
447
575
483
410
893
428
620
82
681
758
903
32
694
82
568
446
207
443
444
775
330
802
395
537
433
120
693
153
287